13786102148
21724701749
10705247061
21724701749
10705247000
21724001749
15907013468
39896833637
90138911442
01008118166
01714316369
49695412111
89825803847
01624270078
43048023055
02217942008
33977603936
89825803847
01533440465
01853600375
75967800113
01694435759
96068511573
01803400777
04756011088
01035300068
01843100130
04825615034
04735618441
71885401902
01693211615
01018006062
01018317295
01604510030
10705247061
01463008019
01705003372
52786013988
12786117437
14895402254
09995000487
07926810214
03917358800
03927261648
01907504904
01917336966
01937522694
01997301609
01068103694
01906300114
07017800843
09003700698
01903400073
01903000154
01904500160
01904400247
12914001230
22994100349
15973300955
07924600450
11934700201
14905001443
03685116612
11674728669
04725216941
52796206424
01018007359
01915100448
01006400939
01905500706
01017100395
01068714474
01017100528
01008216432
04674813870
15644410050
33937743277
54803802799
49805101307
49705024823
42967717010
41653811574
02977043047
02915240010
02902850011
02903150023
02923460014
02942365020
15923200107
04018450462
02913355042
02944465059
02664906597
62725104863
02624700270
02904040025
04125100398
04993400938
04987974641
04006912218
01027900313
01917434829
01987603378
01987937214
01026600120
01906403033